1 0.079325 0.648147 0.013106 0.004437
1 0.931706 0.653824 0.005189 0.003360
1 0.926106 0.653478 0.002722 0.004447
1 0.907161 0.651601 0.006833 0.004249
1 0.899467 0.650875 0.004667 0.003982
1 0.888633 0.649674 0.013889 0.004150
1 0.802431 0.645124 0.155194 0.010326
1 0.669794 0.640138 0.018533 0.002609
1 0.028739 0.653696 0.008278 0.004150
1 0.037544 0.653202 0.006556 0.003755
1 0.045544 0.652164 0.006333 0.003854
1 0.053239 0.651126 0.006167 0.003755
1 0.060850 0.650069 0.006167 0.003617
1 0.068372 0.649086 0.005556 0.003211
1 0.111794 0.643463 0.048956 0.009595
1 0.483039 0.621601 0.286456 0.026759
